40 10 10 10 21 10 34
00 00 10 00 10 00 00
24 10 10 10 10 10 32
00 00 10 00 10 00 00
31 10 10 10 10 00 23
00 00 10 00 10 00 00
33 10 22 10 10 00 00
13223

64 00 00 00 00 00 00
10 00 00 00 00 00 00
10 00 00 00 00 00 34
00 00 00 00 00 00 10
00 00 00 00 10 10 20
00 00 00 00 10 00 00
00 00 21 10 10 10 33
12031

00 00 10 10 20 00 00
00 00 10 00 00 00 00
22 10 10 10 10 10 40
00 00 00 00 10 00 00
33 10 10 10 10 00 24
00 00 10 00 10 00 10
00 00 31 00 10 10 10
0

00 00 31 00 00 00 00
00 00 10 00 00 00 00
20 10 10 10 40 00 00
00 00 10 00 00 00 00
00 00 10 10 10 10 24
00 00 10 00 00 00 10
00 00 23 00 00 00 32
0

00 00 34 00 22 10 10
00 00 10 00 00 00 10
20 00 10 10 10 10 10
10 00 10 00 00 00 00
10 10 10 10 40 00 21
00 00 10 00 00 00 10
00 00 23 10 10 10 10
0

00 00 00 00 52 00 00
00 00 00 00 10 00 00
23 10 10 10 10 00 00
00 00 10 00 10 00 00
00 00 10 00 10 10 20
00 00 10 00 00 00 10
00 00 21 00 00 00 34
0

00 00 00 00 33 00 00
00 00 00 00 10 00 00
10 10 10 10 10 10 10
10 00 00 00 00 00 10
51 00 00 00 00 00 24
00 00 00 00 00 00 10
00 00 20 00 00 00 32
13113

10 10 10 10 10 10 10
10 00 00 00 10 00 10
21 00 00 00 32 00 10
00 00 00 00 00 00 10
00 00 00 00 00 00 24
00 00 00 00 00 00 10
53 10 20 10 10 10 10
0

00 00 10 10 10 10 10
00 00 10 00 00 00 10
20 10 10 00 00 00 10
00 00 00 00 00 00 10
00 00 00 00 31 00 10
00 00 00 00 10 00 10
54 10 22 10 10 10 10
0




